{
 "cells": [
  {
   "cell_type": "markdown",
   "metadata": {},
   "source": [
    "### GenreBot : Using Natural Language Processing in Music Marketing\n",
    "\n",
    "For background on this project, please see the [README](../README.md).\n",
    "\n",
    "**Notebooks**\n",
    "- [Data Acquisition](./01_data_acquisition.ipynb)\n",
    "- [Data Cleaning](./02_data_cleaning.ipynb)\n",
    "- [Exploratory Data Analysis](./03_eda.ipynb)\n",
    "- [Modeling](./04_modeling.ipynb)\n",
    "- [Experiments](./04a_experiments.ipynb)\n",
    "- Results and Recommendations (this notebook))\n",
    "\n",
    "**In this notebook, you'll find:**\n",
    "- Comparison of our models and selection of a production model\n",
    "- Application of production model to our dataset for final classifications\n",
    "- A quick look at a couple of misclassified documents\n",
    "- Extraction of top terms based on classifications\n",
    "- Conclusions/next steps"
   ]
  },
  {
   "cell_type": "code",
   "execution_count": 168,
   "metadata": {},
   "outputs": [],
   "source": [
    "# usual imports\n",
    "\n",
    "import pandas as pd\n",
    "import numpy as np\n",
    "import matplotlib.pyplot as plt\n",
    "import seaborn as sns\n",
    "import time\n",
    "\n",
    "# We'll see why we need this in a minute!\n",
    "\n",
    "from sklearn.preprocessing import StandardScaler\n",
    "\n",
    "# infrastructure\n",
    "from sklearn.model_selection import train_test_split, GridSearchCV\n",
    "\n",
    "# transformers\n",
    "from sklearn.feature_extraction.text import CountVectorizer, TfidfVectorizer\n",
    "\n",
    "# supervised\n",
    "from sklearn.linear_model import LogisticRegression\n",
    "from sklearn.naive_bayes import MultinomialNB\n",
    "\n",
    "# heterogeneous-model supervised\n",
    "from sklearn.ensemble import StackingClassifier\n",
    "\n",
    "# evaluation\n",
    "from sklearn.metrics import confusion_matrix, ConfusionMatrixDisplay, recall_score, precision_score, f1_score"
   ]
  },
  {
   "cell_type": "code",
   "execution_count": 138,
   "metadata": {},
   "outputs": [
    {
     "data": {
      "text/html": [
       "<div>\n",
       "<style scoped>\n",
       "    .dataframe tbody tr th:only-of-type {\n",
       "        vertical-align: middle;\n",
       "    }\n",
       "\n",
       "    .dataframe tbody tr th {\n",
       "        vertical-align: top;\n",
       "    }\n",
       "\n",
       "    .dataframe thead th {\n",
       "        text-align: right;\n",
       "    }\n",
       "</style>\n",
       "<table border=\"1\" class=\"dataframe\">\n",
       "  <thead>\n",
       "    <tr style=\"text-align: right;\">\n",
       "      <th></th>\n",
       "      <th>model</th>\n",
       "      <th>fit_time</th>\n",
       "      <th>train_acc</th>\n",
       "      <th>test_acc</th>\n",
       "      <th>recall</th>\n",
       "      <th>precision</th>\n",
       "      <th>f1</th>\n",
       "    </tr>\n",
       "  </thead>\n",
       "  <tbody>\n",
       "    <tr>\n",
       "      <th>0</th>\n",
       "      <td>CountVectorizer + LogisticRegression</td>\n",
       "      <td>0.874005</td>\n",
       "      <td>0.975254</td>\n",
       "      <td>0.931795</td>\n",
       "      <td>0.912048</td>\n",
       "      <td>0.949415</td>\n",
       "      <td>0.930356</td>\n",
       "    </tr>\n",
       "    <tr>\n",
       "      <th>1</th>\n",
       "      <td>TfidfVectorizer + LogisticRegression</td>\n",
       "      <td>1.495226</td>\n",
       "      <td>0.956996</td>\n",
       "      <td>0.936810</td>\n",
       "      <td>0.917671</td>\n",
       "      <td>0.954071</td>\n",
       "      <td>0.935517</td>\n",
       "    </tr>\n",
       "    <tr>\n",
       "      <th>2</th>\n",
       "      <td>TfidfVectorizer + tuned LogisticRegression</td>\n",
       "      <td>4.055915</td>\n",
       "      <td>0.955257</td>\n",
       "      <td>0.938014</td>\n",
       "      <td>0.918474</td>\n",
       "      <td>0.955704</td>\n",
       "      <td>0.936719</td>\n",
       "    </tr>\n",
       "    <tr>\n",
       "      <th>3</th>\n",
       "      <td>TFIDF + MultinomialNB</td>\n",
       "      <td>1.296156</td>\n",
       "      <td>0.941413</td>\n",
       "      <td>0.927984</td>\n",
       "      <td>0.925703</td>\n",
       "      <td>0.929810</td>\n",
       "      <td>0.927752</td>\n",
       "    </tr>\n",
       "    <tr>\n",
       "      <th>4</th>\n",
       "      <td>TfidfVectorizer + Bagging</td>\n",
       "      <td>28.872257</td>\n",
       "      <td>0.992376</td>\n",
       "      <td>0.906319</td>\n",
       "      <td>0.884739</td>\n",
       "      <td>0.924465</td>\n",
       "      <td>0.904166</td>\n",
       "    </tr>\n",
       "    <tr>\n",
       "      <th>5</th>\n",
       "      <td>TfidfVectorizer + Random Forest</td>\n",
       "      <td>2.628158</td>\n",
       "      <td>0.914460</td>\n",
       "      <td>0.903310</td>\n",
       "      <td>0.841365</td>\n",
       "      <td>0.960128</td>\n",
       "      <td>0.896832</td>\n",
       "    </tr>\n",
       "    <tr>\n",
       "      <th>6</th>\n",
       "      <td>TfidfVectorizer + ExtraTrees</td>\n",
       "      <td>1.858499</td>\n",
       "      <td>0.921750</td>\n",
       "      <td>0.911735</td>\n",
       "      <td>0.897590</td>\n",
       "      <td>0.923554</td>\n",
       "      <td>0.910387</td>\n",
       "    </tr>\n",
       "    <tr>\n",
       "      <th>7</th>\n",
       "      <td>TfidfVectorizer + AdaBoost</td>\n",
       "      <td>7.388280</td>\n",
       "      <td>0.900482</td>\n",
       "      <td>0.895286</td>\n",
       "      <td>0.832129</td>\n",
       "      <td>0.952206</td>\n",
       "      <td>0.888127</td>\n",
       "    </tr>\n",
       "    <tr>\n",
       "      <th>8</th>\n",
       "      <td>TfidfVectorizer + GradientBoost</td>\n",
       "      <td>2.421923</td>\n",
       "      <td>0.933119</td>\n",
       "      <td>0.924574</td>\n",
       "      <td>0.883534</td>\n",
       "      <td>0.962380</td>\n",
       "      <td>0.921273</td>\n",
       "    </tr>\n",
       "    <tr>\n",
       "      <th>9</th>\n",
       "      <td>TfidfVectorizer + LogReg/MNB/Grad Stack</td>\n",
       "      <td>15.633441</td>\n",
       "      <td>0.952782</td>\n",
       "      <td>0.937613</td>\n",
       "      <td>0.926908</td>\n",
       "      <td>0.947066</td>\n",
       "      <td>0.936878</td>\n",
       "    </tr>\n",
       "    <tr>\n",
       "      <th>10</th>\n",
       "      <td>TfidfVectorizer + MNB/Grad stack</td>\n",
       "      <td>4.415673</td>\n",
       "      <td>0.945693</td>\n",
       "      <td>0.931996</td>\n",
       "      <td>0.922892</td>\n",
       "      <td>0.939877</td>\n",
       "      <td>0.931307</td>\n",
       "    </tr>\n",
       "    <tr>\n",
       "      <th>11</th>\n",
       "      <td>TfidfVectorizer + Logreg/Grad stack</td>\n",
       "      <td>14.953498</td>\n",
       "      <td>0.957665</td>\n",
       "      <td>0.937212</td>\n",
       "      <td>0.922490</td>\n",
       "      <td>0.950352</td>\n",
       "      <td>0.936214</td>\n",
       "    </tr>\n",
       "    <tr>\n",
       "      <th>12</th>\n",
       "      <td>TfidfVectorizer + Logreg/MNB stack</td>\n",
       "      <td>10.692293</td>\n",
       "      <td>0.957263</td>\n",
       "      <td>0.941424</td>\n",
       "      <td>0.931727</td>\n",
       "      <td>0.950041</td>\n",
       "      <td>0.940795</td>\n",
       "    </tr>\n",
       "  </tbody>\n",
       "</table>\n",
       "</div>"
      ],
      "text/plain": [
       "                                         model   fit_time  train_acc  \\\n",
       "0         CountVectorizer + LogisticRegression   0.874005   0.975254   \n",
       "1         TfidfVectorizer + LogisticRegression   1.495226   0.956996   \n",
       "2   TfidfVectorizer + tuned LogisticRegression   4.055915   0.955257   \n",
       "3                        TFIDF + MultinomialNB   1.296156   0.941413   \n",
       "4                    TfidfVectorizer + Bagging  28.872257   0.992376   \n",
       "5              TfidfVectorizer + Random Forest   2.628158   0.914460   \n",
       "6                 TfidfVectorizer + ExtraTrees   1.858499   0.921750   \n",
       "7                   TfidfVectorizer + AdaBoost   7.388280   0.900482   \n",
       "8              TfidfVectorizer + GradientBoost   2.421923   0.933119   \n",
       "9      TfidfVectorizer + LogReg/MNB/Grad Stack  15.633441   0.952782   \n",
       "10            TfidfVectorizer + MNB/Grad stack   4.415673   0.945693   \n",
       "11         TfidfVectorizer + Logreg/Grad stack  14.953498   0.957665   \n",
       "12          TfidfVectorizer + Logreg/MNB stack  10.692293   0.957263   \n",
       "\n",
       "    test_acc    recall  precision        f1  \n",
       "0   0.931795  0.912048   0.949415  0.930356  \n",
       "1   0.936810  0.917671   0.954071  0.935517  \n",
       "2   0.938014  0.918474   0.955704  0.936719  \n",
       "3   0.927984  0.925703   0.929810  0.927752  \n",
       "4   0.906319  0.884739   0.924465  0.904166  \n",
       "5   0.903310  0.841365   0.960128  0.896832  \n",
       "6   0.911735  0.897590   0.923554  0.910387  \n",
       "7   0.895286  0.832129   0.952206  0.888127  \n",
       "8   0.924574  0.883534   0.962380  0.921273  \n",
       "9   0.937613  0.926908   0.947066  0.936878  \n",
       "10  0.931996  0.922892   0.939877  0.931307  \n",
       "11  0.937212  0.922490   0.950352  0.936214  \n",
       "12  0.941424  0.931727   0.950041  0.940795  "
      ]
     },
     "execution_count": 138,
     "metadata": {},
     "output_type": "execute_result"
    }
   ],
   "source": [
    "# import our model stats\n",
    "\n",
    "df_stats = pd.read_csv('../data/model_stats.csv')\n",
    "\n",
    "\n",
    "df_stats"
   ]
  },
  {
   "cell_type": "markdown",
   "metadata": {},
   "source": [
    "- Let's explore our model stats via sorting/visualization!"
   ]
  },
  {
   "cell_type": "code",
   "execution_count": 139,
   "metadata": {},
   "outputs": [
    {
     "data": {
      "text/html": [
       "<div>\n",
       "<style scoped>\n",
       "    .dataframe tbody tr th:only-of-type {\n",
       "        vertical-align: middle;\n",
       "    }\n",
       "\n",
       "    .dataframe tbody tr th {\n",
       "        vertical-align: top;\n",
       "    }\n",
       "\n",
       "    .dataframe thead th {\n",
       "        text-align: right;\n",
       "    }\n",
       "</style>\n",
       "<table border=\"1\" class=\"dataframe\">\n",
       "  <thead>\n",
       "    <tr style=\"text-align: right;\">\n",
       "      <th></th>\n",
       "      <th>model</th>\n",
       "      <th>fit_time</th>\n",
       "      <th>train_acc</th>\n",
       "      <th>test_acc</th>\n",
       "      <th>recall</th>\n",
       "      <th>precision</th>\n",
       "      <th>f1</th>\n",
       "    </tr>\n",
       "  </thead>\n",
       "  <tbody>\n",
       "    <tr>\n",
       "      <th>12</th>\n",
       "      <td>TfidfVectorizer + Logreg/MNB stack</td>\n",
       "      <td>10.692293</td>\n",
       "      <td>0.957263</td>\n",
       "      <td>0.941424</td>\n",
       "      <td>0.931727</td>\n",
       "      <td>0.950041</td>\n",
       "      <td>0.940795</td>\n",
       "    </tr>\n",
       "    <tr>\n",
       "      <th>2</th>\n",
       "      <td>TfidfVectorizer + tuned LogisticRegression</td>\n",
       "      <td>4.055915</td>\n",
       "      <td>0.955257</td>\n",
       "      <td>0.938014</td>\n",
       "      <td>0.918474</td>\n",
       "      <td>0.955704</td>\n",
       "      <td>0.936719</td>\n",
       "    </tr>\n",
       "    <tr>\n",
       "      <th>9</th>\n",
       "      <td>TfidfVectorizer + LogReg/MNB/Grad Stack</td>\n",
       "      <td>15.633441</td>\n",
       "      <td>0.952782</td>\n",
       "      <td>0.937613</td>\n",
       "      <td>0.926908</td>\n",
       "      <td>0.947066</td>\n",
       "      <td>0.936878</td>\n",
       "    </tr>\n",
       "    <tr>\n",
       "      <th>11</th>\n",
       "      <td>TfidfVectorizer + Logreg/Grad stack</td>\n",
       "      <td>14.953498</td>\n",
       "      <td>0.957665</td>\n",
       "      <td>0.937212</td>\n",
       "      <td>0.922490</td>\n",
       "      <td>0.950352</td>\n",
       "      <td>0.936214</td>\n",
       "    </tr>\n",
       "    <tr>\n",
       "      <th>1</th>\n",
       "      <td>TfidfVectorizer + LogisticRegression</td>\n",
       "      <td>1.495226</td>\n",
       "      <td>0.956996</td>\n",
       "      <td>0.936810</td>\n",
       "      <td>0.917671</td>\n",
       "      <td>0.954071</td>\n",
       "      <td>0.935517</td>\n",
       "    </tr>\n",
       "    <tr>\n",
       "      <th>10</th>\n",
       "      <td>TfidfVectorizer + MNB/Grad stack</td>\n",
       "      <td>4.415673</td>\n",
       "      <td>0.945693</td>\n",
       "      <td>0.931996</td>\n",
       "      <td>0.922892</td>\n",
       "      <td>0.939877</td>\n",
       "      <td>0.931307</td>\n",
       "    </tr>\n",
       "    <tr>\n",
       "      <th>0</th>\n",
       "      <td>CountVectorizer + LogisticRegression</td>\n",
       "      <td>0.874005</td>\n",
       "      <td>0.975254</td>\n",
       "      <td>0.931795</td>\n",
       "      <td>0.912048</td>\n",
       "      <td>0.949415</td>\n",
       "      <td>0.930356</td>\n",
       "    </tr>\n",
       "    <tr>\n",
       "      <th>3</th>\n",
       "      <td>TFIDF + MultinomialNB</td>\n",
       "      <td>1.296156</td>\n",
       "      <td>0.941413</td>\n",
       "      <td>0.927984</td>\n",
       "      <td>0.925703</td>\n",
       "      <td>0.929810</td>\n",
       "      <td>0.927752</td>\n",
       "    </tr>\n",
       "    <tr>\n",
       "      <th>8</th>\n",
       "      <td>TfidfVectorizer + GradientBoost</td>\n",
       "      <td>2.421923</td>\n",
       "      <td>0.933119</td>\n",
       "      <td>0.924574</td>\n",
       "      <td>0.883534</td>\n",
       "      <td>0.962380</td>\n",
       "      <td>0.921273</td>\n",
       "    </tr>\n",
       "    <tr>\n",
       "      <th>6</th>\n",
       "      <td>TfidfVectorizer + ExtraTrees</td>\n",
       "      <td>1.858499</td>\n",
       "      <td>0.921750</td>\n",
       "      <td>0.911735</td>\n",
       "      <td>0.897590</td>\n",
       "      <td>0.923554</td>\n",
       "      <td>0.910387</td>\n",
       "    </tr>\n",
       "    <tr>\n",
       "      <th>4</th>\n",
       "      <td>TfidfVectorizer + Bagging</td>\n",
       "      <td>28.872257</td>\n",
       "      <td>0.992376</td>\n",
       "      <td>0.906319</td>\n",
       "      <td>0.884739</td>\n",
       "      <td>0.924465</td>\n",
       "      <td>0.904166</td>\n",
       "    </tr>\n",
       "    <tr>\n",
       "      <th>5</th>\n",
       "      <td>TfidfVectorizer + Random Forest</td>\n",
       "      <td>2.628158</td>\n",
       "      <td>0.914460</td>\n",
       "      <td>0.903310</td>\n",
       "      <td>0.841365</td>\n",
       "      <td>0.960128</td>\n",
       "      <td>0.896832</td>\n",
       "    </tr>\n",
       "    <tr>\n",
       "      <th>7</th>\n",
       "      <td>TfidfVectorizer + AdaBoost</td>\n",
       "      <td>7.388280</td>\n",
       "      <td>0.900482</td>\n",
       "      <td>0.895286</td>\n",
       "      <td>0.832129</td>\n",
       "      <td>0.952206</td>\n",
       "      <td>0.888127</td>\n",
       "    </tr>\n",
       "  </tbody>\n",
       "</table>\n",
       "</div>"
      ],
      "text/plain": [
       "                                         model   fit_time  train_acc  \\\n",
       "12          TfidfVectorizer + Logreg/MNB stack  10.692293   0.957263   \n",
       "2   TfidfVectorizer + tuned LogisticRegression   4.055915   0.955257   \n",
       "9      TfidfVectorizer + LogReg/MNB/Grad Stack  15.633441   0.952782   \n",
       "11         TfidfVectorizer + Logreg/Grad stack  14.953498   0.957665   \n",
       "1         TfidfVectorizer + LogisticRegression   1.495226   0.956996   \n",
       "10            TfidfVectorizer + MNB/Grad stack   4.415673   0.945693   \n",
       "0         CountVectorizer + LogisticRegression   0.874005   0.975254   \n",
       "3                        TFIDF + MultinomialNB   1.296156   0.941413   \n",
       "8              TfidfVectorizer + GradientBoost   2.421923   0.933119   \n",
       "6                 TfidfVectorizer + ExtraTrees   1.858499   0.921750   \n",
       "4                    TfidfVectorizer + Bagging  28.872257   0.992376   \n",
       "5              TfidfVectorizer + Random Forest   2.628158   0.914460   \n",
       "7                   TfidfVectorizer + AdaBoost   7.388280   0.900482   \n",
       "\n",
       "    test_acc    recall  precision        f1  \n",
       "12  0.941424  0.931727   0.950041  0.940795  \n",
       "2   0.938014  0.918474   0.955704  0.936719  \n",
       "9   0.937613  0.926908   0.947066  0.936878  \n",
       "11  0.937212  0.922490   0.950352  0.936214  \n",
       "1   0.936810  0.917671   0.954071  0.935517  \n",
       "10  0.931996  0.922892   0.939877  0.931307  \n",
       "0   0.931795  0.912048   0.949415  0.930356  \n",
       "3   0.927984  0.925703   0.929810  0.927752  \n",
       "8   0.924574  0.883534   0.962380  0.921273  \n",
       "6   0.911735  0.897590   0.923554  0.910387  \n",
       "4   0.906319  0.884739   0.924465  0.904166  \n",
       "5   0.903310  0.841365   0.960128  0.896832  \n",
       "7   0.895286  0.832129   0.952206  0.888127  "
      ]
     },
     "execution_count": 139,
     "metadata": {},
     "output_type": "execute_result"
    }
   ],
   "source": [
    "# Who's got the best test set accuracy?\n",
    "\n",
    "df_stats.sort_values(by = 'test_acc', ascending = False)"
   ]
  },
  {
   "cell_type": "markdown",
   "metadata": {},
   "source": [
    "**Conclusions:**\n",
    "- As we saw as we went through our models, TFIDF + LogisticRegression and stacks using permutations of LogisticRegression, MultinomialNB, and GradientBoost are our winners here.\n",
    "- Interesting that a CountVectorizer-based model made it into our top 10 as well!"
   ]
  },
  {
   "cell_type": "code",
   "execution_count": 140,
   "metadata": {},
   "outputs": [
    {
     "data": {
      "text/html": [
       "<div>\n",
       "<style scoped>\n",
       "    .dataframe tbody tr th:only-of-type {\n",
       "        vertical-align: middle;\n",
       "    }\n",
       "\n",
       "    .dataframe tbody tr th {\n",
       "        vertical-align: top;\n",
       "    }\n",
       "\n",
       "    .dataframe thead th {\n",
       "        text-align: right;\n",
       "    }\n",
       "</style>\n",
       "<table border=\"1\" class=\"dataframe\">\n",
       "  <thead>\n",
       "    <tr style=\"text-align: right;\">\n",
       "      <th></th>\n",
       "      <th>model</th>\n",
       "      <th>fit_time</th>\n",
       "      <th>train_acc</th>\n",
       "      <th>test_acc</th>\n",
       "      <th>recall</th>\n",
       "      <th>precision</th>\n",
       "      <th>f1</th>\n",
       "      <th>accuracy_delta</th>\n",
       "    </tr>\n",
       "  </thead>\n",
       "  <tbody>\n",
       "    <tr>\n",
       "      <th>7</th>\n",
       "      <td>TfidfVectorizer + AdaBoost</td>\n",
       "      <td>7.388280</td>\n",
       "      <td>0.900482</td>\n",
       "      <td>0.895286</td>\n",
       "      <td>0.832129</td>\n",
       "      <td>0.952206</td>\n",
       "      <td>0.888127</td>\n",
       "      <td>0.005196</td>\n",
       "    </tr>\n",
       "    <tr>\n",
       "      <th>8</th>\n",
       "      <td>TfidfVectorizer + GradientBoost</td>\n",
       "      <td>2.421923</td>\n",
       "      <td>0.933119</td>\n",
       "      <td>0.924574</td>\n",
       "      <td>0.883534</td>\n",
       "      <td>0.962380</td>\n",
       "      <td>0.921273</td>\n",
       "      <td>0.008546</td>\n",
       "    </tr>\n",
       "    <tr>\n",
       "      <th>6</th>\n",
       "      <td>TfidfVectorizer + ExtraTrees</td>\n",
       "      <td>1.858499</td>\n",
       "      <td>0.921750</td>\n",
       "      <td>0.911735</td>\n",
       "      <td>0.897590</td>\n",
       "      <td>0.923554</td>\n",
       "      <td>0.910387</td>\n",
       "      <td>0.010014</td>\n",
       "    </tr>\n",
       "    <tr>\n",
       "      <th>5</th>\n",
       "      <td>TfidfVectorizer + Random Forest</td>\n",
       "      <td>2.628158</td>\n",
       "      <td>0.914460</td>\n",
       "      <td>0.903310</td>\n",
       "      <td>0.841365</td>\n",
       "      <td>0.960128</td>\n",
       "      <td>0.896832</td>\n",
       "      <td>0.011150</td>\n",
       "    </tr>\n",
       "    <tr>\n",
       "      <th>3</th>\n",
       "      <td>TFIDF + MultinomialNB</td>\n",
       "      <td>1.296156</td>\n",
       "      <td>0.941413</td>\n",
       "      <td>0.927984</td>\n",
       "      <td>0.925703</td>\n",
       "      <td>0.929810</td>\n",
       "      <td>0.927752</td>\n",
       "      <td>0.013429</td>\n",
       "    </tr>\n",
       "    <tr>\n",
       "      <th>10</th>\n",
       "      <td>TfidfVectorizer + MNB/Grad stack</td>\n",
       "      <td>4.415673</td>\n",
       "      <td>0.945693</td>\n",
       "      <td>0.931996</td>\n",
       "      <td>0.922892</td>\n",
       "      <td>0.939877</td>\n",
       "      <td>0.931307</td>\n",
       "      <td>0.013697</td>\n",
       "    </tr>\n",
       "    <tr>\n",
       "      <th>9</th>\n",
       "      <td>TfidfVectorizer + LogReg/MNB/Grad Stack</td>\n",
       "      <td>15.633441</td>\n",
       "      <td>0.952782</td>\n",
       "      <td>0.937613</td>\n",
       "      <td>0.926908</td>\n",
       "      <td>0.947066</td>\n",
       "      <td>0.936878</td>\n",
       "      <td>0.015169</td>\n",
       "    </tr>\n",
       "    <tr>\n",
       "      <th>12</th>\n",
       "      <td>TfidfVectorizer + Logreg/MNB stack</td>\n",
       "      <td>10.692293</td>\n",
       "      <td>0.957263</td>\n",
       "      <td>0.941424</td>\n",
       "      <td>0.931727</td>\n",
       "      <td>0.950041</td>\n",
       "      <td>0.940795</td>\n",
       "      <td>0.015839</td>\n",
       "    </tr>\n",
       "    <tr>\n",
       "      <th>2</th>\n",
       "      <td>TfidfVectorizer + tuned LogisticRegression</td>\n",
       "      <td>4.055915</td>\n",
       "      <td>0.955257</td>\n",
       "      <td>0.938014</td>\n",
       "      <td>0.918474</td>\n",
       "      <td>0.955704</td>\n",
       "      <td>0.936719</td>\n",
       "      <td>0.017243</td>\n",
       "    </tr>\n",
       "    <tr>\n",
       "      <th>1</th>\n",
       "      <td>TfidfVectorizer + LogisticRegression</td>\n",
       "      <td>1.495226</td>\n",
       "      <td>0.956996</td>\n",
       "      <td>0.936810</td>\n",
       "      <td>0.917671</td>\n",
       "      <td>0.954071</td>\n",
       "      <td>0.935517</td>\n",
       "      <td>0.020185</td>\n",
       "    </tr>\n",
       "    <tr>\n",
       "      <th>11</th>\n",
       "      <td>TfidfVectorizer + Logreg/Grad stack</td>\n",
       "      <td>14.953498</td>\n",
       "      <td>0.957665</td>\n",
       "      <td>0.937212</td>\n",
       "      <td>0.922490</td>\n",
       "      <td>0.950352</td>\n",
       "      <td>0.936214</td>\n",
       "      <td>0.020453</td>\n",
       "    </tr>\n",
       "    <tr>\n",
       "      <th>0</th>\n",
       "      <td>CountVectorizer + LogisticRegression</td>\n",
       "      <td>0.874005</td>\n",
       "      <td>0.975254</td>\n",
       "      <td>0.931795</td>\n",
       "      <td>0.912048</td>\n",
       "      <td>0.949415</td>\n",
       "      <td>0.930356</td>\n",
       "      <td>0.043459</td>\n",
       "    </tr>\n",
       "    <tr>\n",
       "      <th>4</th>\n",
       "      <td>TfidfVectorizer + Bagging</td>\n",
       "      <td>28.872257</td>\n",
       "      <td>0.992376</td>\n",
       "      <td>0.906319</td>\n",
       "      <td>0.884739</td>\n",
       "      <td>0.924465</td>\n",
       "      <td>0.904166</td>\n",
       "      <td>0.086057</td>\n",
       "    </tr>\n",
       "  </tbody>\n",
       "</table>\n",
       "</div>"
      ],
      "text/plain": [
       "                                         model   fit_time  train_acc  \\\n",
       "7                   TfidfVectorizer + AdaBoost   7.388280   0.900482   \n",
       "8              TfidfVectorizer + GradientBoost   2.421923   0.933119   \n",
       "6                 TfidfVectorizer + ExtraTrees   1.858499   0.921750   \n",
       "5              TfidfVectorizer + Random Forest   2.628158   0.914460   \n",
       "3                        TFIDF + MultinomialNB   1.296156   0.941413   \n",
       "10            TfidfVectorizer + MNB/Grad stack   4.415673   0.945693   \n",
       "9      TfidfVectorizer + LogReg/MNB/Grad Stack  15.633441   0.952782   \n",
       "12          TfidfVectorizer + Logreg/MNB stack  10.692293   0.957263   \n",
       "2   TfidfVectorizer + tuned LogisticRegression   4.055915   0.955257   \n",
       "1         TfidfVectorizer + LogisticRegression   1.495226   0.956996   \n",
       "11         TfidfVectorizer + Logreg/Grad stack  14.953498   0.957665   \n",
       "0         CountVectorizer + LogisticRegression   0.874005   0.975254   \n",
       "4                    TfidfVectorizer + Bagging  28.872257   0.992376   \n",
       "\n",
       "    test_acc    recall  precision        f1  accuracy_delta  \n",
       "7   0.895286  0.832129   0.952206  0.888127        0.005196  \n",
       "8   0.924574  0.883534   0.962380  0.921273        0.008546  \n",
       "6   0.911735  0.897590   0.923554  0.910387        0.010014  \n",
       "5   0.903310  0.841365   0.960128  0.896832        0.011150  \n",
       "3   0.927984  0.925703   0.929810  0.927752        0.013429  \n",
       "10  0.931996  0.922892   0.939877  0.931307        0.013697  \n",
       "9   0.937613  0.926908   0.947066  0.936878        0.015169  \n",
       "12  0.941424  0.931727   0.950041  0.940795        0.015839  \n",
       "2   0.938014  0.918474   0.955704  0.936719        0.017243  \n",
       "1   0.936810  0.917671   0.954071  0.935517        0.020185  \n",
       "11  0.937212  0.922490   0.950352  0.936214        0.020453  \n",
       "0   0.931795  0.912048   0.949415  0.930356        0.043459  \n",
       "4   0.906319  0.884739   0.924465  0.904166        0.086057  "
      ]
     },
     "execution_count": 140,
     "metadata": {},
     "output_type": "execute_result"
    }
   ],
   "source": [
    "# How about the delta between train and test?\n",
    "\n",
    "df_stats['accuracy_delta'] = df_stats['train_acc'] - df_stats['test_acc']\n",
    "\n",
    "df_stats.sort_values(by = 'accuracy_delta')\n",
    "\n",
    "# No negative values for delta, so we're OK"
   ]
  },
  {
   "cell_type": "markdown",
   "metadata": {},
   "source": [
    "**Conclusions:**\n",
    "- The boosting models closed the variance gap the best, followed by the tree ensembles, single tree, MultinomialNB and some of our stacks."
   ]
  },
  {
   "cell_type": "code",
   "execution_count": 141,
   "metadata": {},
   "outputs": [
    {
     "data": {
      "text/html": [
       "<div>\n",
       "<style scoped>\n",
       "    .dataframe tbody tr th:only-of-type {\n",
       "        vertical-align: middle;\n",
       "    }\n",
       "\n",
       "    .dataframe tbody tr th {\n",
       "        vertical-align: top;\n",
       "    }\n",
       "\n",
       "    .dataframe thead th {\n",
       "        text-align: right;\n",
       "    }\n",
       "</style>\n",
       "<table border=\"1\" class=\"dataframe\">\n",
       "  <thead>\n",
       "    <tr style=\"text-align: right;\">\n",
       "      <th></th>\n",
       "      <th>model</th>\n",
       "      <th>fit_time</th>\n",
       "      <th>train_acc</th>\n",
       "      <th>test_acc</th>\n",
       "      <th>recall</th>\n",
       "      <th>precision</th>\n",
       "      <th>f1</th>\n",
       "      <th>accuracy_delta</th>\n",
       "    </tr>\n",
       "  </thead>\n",
       "  <tbody>\n",
       "    <tr>\n",
       "      <th>0</th>\n",
       "      <td>CountVectorizer + LogisticRegression</td>\n",
       "      <td>0.874005</td>\n",
       "      <td>0.975254</td>\n",
       "      <td>0.931795</td>\n",
       "      <td>0.912048</td>\n",
       "      <td>0.949415</td>\n",
       "      <td>0.930356</td>\n",
       "      <td>0.043459</td>\n",
       "    </tr>\n",
       "    <tr>\n",
       "      <th>3</th>\n",
       "      <td>TFIDF + MultinomialNB</td>\n",
       "      <td>1.296156</td>\n",
       "      <td>0.941413</td>\n",
       "      <td>0.927984</td>\n",
       "      <td>0.925703</td>\n",
       "      <td>0.929810</td>\n",
       "      <td>0.927752</td>\n",
       "      <td>0.013429</td>\n",
       "    </tr>\n",
       "    <tr>\n",
       "      <th>1</th>\n",
       "      <td>TfidfVectorizer + LogisticRegression</td>\n",
       "      <td>1.495226</td>\n",
       "      <td>0.956996</td>\n",
       "      <td>0.936810</td>\n",
       "      <td>0.917671</td>\n",
       "      <td>0.954071</td>\n",
       "      <td>0.935517</td>\n",
       "      <td>0.020185</td>\n",
       "    </tr>\n",
       "    <tr>\n",
       "      <th>6</th>\n",
       "      <td>TfidfVectorizer + ExtraTrees</td>\n",
       "      <td>1.858499</td>\n",
       "      <td>0.921750</td>\n",
       "      <td>0.911735</td>\n",
       "      <td>0.897590</td>\n",
       "      <td>0.923554</td>\n",
       "      <td>0.910387</td>\n",
       "      <td>0.010014</td>\n",
       "    </tr>\n",
       "    <tr>\n",
       "      <th>8</th>\n",
       "      <td>TfidfVectorizer + GradientBoost</td>\n",
       "      <td>2.421923</td>\n",
       "      <td>0.933119</td>\n",
       "      <td>0.924574</td>\n",
       "      <td>0.883534</td>\n",
       "      <td>0.962380</td>\n",
       "      <td>0.921273</td>\n",
       "      <td>0.008546</td>\n",
       "    </tr>\n",
       "    <tr>\n",
       "      <th>5</th>\n",
       "      <td>TfidfVectorizer + Random Forest</td>\n",
       "      <td>2.628158</td>\n",
       "      <td>0.914460</td>\n",
       "      <td>0.903310</td>\n",
       "      <td>0.841365</td>\n",
       "      <td>0.960128</td>\n",
       "      <td>0.896832</td>\n",
       "      <td>0.011150</td>\n",
       "    </tr>\n",
       "    <tr>\n",
       "      <th>2</th>\n",
       "      <td>TfidfVectorizer + tuned LogisticRegression</td>\n",
       "      <td>4.055915</td>\n",
       "      <td>0.955257</td>\n",
       "      <td>0.938014</td>\n",
       "      <td>0.918474</td>\n",
       "      <td>0.955704</td>\n",
       "      <td>0.936719</td>\n",
       "      <td>0.017243</td>\n",
       "    </tr>\n",
       "    <tr>\n",
       "      <th>10</th>\n",
       "      <td>TfidfVectorizer + MNB/Grad stack</td>\n",
       "      <td>4.415673</td>\n",
       "      <td>0.945693</td>\n",
       "      <td>0.931996</td>\n",
       "      <td>0.922892</td>\n",
       "      <td>0.939877</td>\n",
       "      <td>0.931307</td>\n",
       "      <td>0.013697</td>\n",
       "    </tr>\n",
       "    <tr>\n",
       "      <th>7</th>\n",
       "      <td>TfidfVectorizer + AdaBoost</td>\n",
       "      <td>7.388280</td>\n",
       "      <td>0.900482</td>\n",
       "      <td>0.895286</td>\n",
       "      <td>0.832129</td>\n",
       "      <td>0.952206</td>\n",
       "      <td>0.888127</td>\n",
       "      <td>0.005196</td>\n",
       "    </tr>\n",
       "    <tr>\n",
       "      <th>12</th>\n",
       "      <td>TfidfVectorizer + Logreg/MNB stack</td>\n",
       "      <td>10.692293</td>\n",
       "      <td>0.957263</td>\n",
       "      <td>0.941424</td>\n",
       "      <td>0.931727</td>\n",
       "      <td>0.950041</td>\n",
       "      <td>0.940795</td>\n",
       "      <td>0.015839</td>\n",
       "    </tr>\n",
       "    <tr>\n",
       "      <th>11</th>\n",
       "      <td>TfidfVectorizer + Logreg/Grad stack</td>\n",
       "      <td>14.953498</td>\n",
       "      <td>0.957665</td>\n",
       "      <td>0.937212</td>\n",
       "      <td>0.922490</td>\n",
       "      <td>0.950352</td>\n",
       "      <td>0.936214</td>\n",
       "      <td>0.020453</td>\n",
       "    </tr>\n",
       "    <tr>\n",
       "      <th>9</th>\n",
       "      <td>TfidfVectorizer + LogReg/MNB/Grad Stack</td>\n",
       "      <td>15.633441</td>\n",
       "      <td>0.952782</td>\n",
       "      <td>0.937613</td>\n",
       "      <td>0.926908</td>\n",
       "      <td>0.947066</td>\n",
       "      <td>0.936878</td>\n",
       "      <td>0.015169</td>\n",
       "    </tr>\n",
       "    <tr>\n",
       "      <th>4</th>\n",
       "      <td>TfidfVectorizer + Bagging</td>\n",
       "      <td>28.872257</td>\n",
       "      <td>0.992376</td>\n",
       "      <td>0.906319</td>\n",
       "      <td>0.884739</td>\n",
       "      <td>0.924465</td>\n",
       "      <td>0.904166</td>\n",
       "      <td>0.086057</td>\n",
       "    </tr>\n",
       "  </tbody>\n",
       "</table>\n",
       "</div>"
      ],
      "text/plain": [
       "                                         model   fit_time  train_acc  \\\n",
       "0         CountVectorizer + LogisticRegression   0.874005   0.975254   \n",
       "3                        TFIDF + MultinomialNB   1.296156   0.941413   \n",
       "1         TfidfVectorizer + LogisticRegression   1.495226   0.956996   \n",
       "6                 TfidfVectorizer + ExtraTrees   1.858499   0.921750   \n",
       "8              TfidfVectorizer + GradientBoost   2.421923   0.933119   \n",
       "5              TfidfVectorizer + Random Forest   2.628158   0.914460   \n",
       "2   TfidfVectorizer + tuned LogisticRegression   4.055915   0.955257   \n",
       "10            TfidfVectorizer + MNB/Grad stack   4.415673   0.945693   \n",
       "7                   TfidfVectorizer + AdaBoost   7.388280   0.900482   \n",
       "12          TfidfVectorizer + Logreg/MNB stack  10.692293   0.957263   \n",
       "11         TfidfVectorizer + Logreg/Grad stack  14.953498   0.957665   \n",
       "9      TfidfVectorizer + LogReg/MNB/Grad Stack  15.633441   0.952782   \n",
       "4                    TfidfVectorizer + Bagging  28.872257   0.992376   \n",
       "\n",
       "    test_acc    recall  precision        f1  accuracy_delta  \n",
       "0   0.931795  0.912048   0.949415  0.930356        0.043459  \n",
       "3   0.927984  0.925703   0.929810  0.927752        0.013429  \n",
       "1   0.936810  0.917671   0.954071  0.935517        0.020185  \n",
       "6   0.911735  0.897590   0.923554  0.910387        0.010014  \n",
       "8   0.924574  0.883534   0.962380  0.921273        0.008546  \n",
       "5   0.903310  0.841365   0.960128  0.896832        0.011150  \n",
       "2   0.938014  0.918474   0.955704  0.936719        0.017243  \n",
       "10  0.931996  0.922892   0.939877  0.931307        0.013697  \n",
       "7   0.895286  0.832129   0.952206  0.888127        0.005196  \n",
       "12  0.941424  0.931727   0.950041  0.940795        0.015839  \n",
       "11  0.937212  0.922490   0.950352  0.936214        0.020453  \n",
       "9   0.937613  0.926908   0.947066  0.936878        0.015169  \n",
       "4   0.906319  0.884739   0.924465  0.904166        0.086057  "
      ]
     },
     "execution_count": 141,
     "metadata": {},
     "output_type": "execute_result"
    }
   ],
   "source": [
    "# How about speed of fit?\n",
    "\n",
    "df_stats.sort_values(by = 'fit_time')"
   ]
  },
  {
   "cell_type": "markdown",
   "metadata": {},
   "source": [
    "**Conclusions:**\n",
    "- As we might expect, some of the simpler models fit more quickly.\n",
    "- Our stacks don't show up so well on this ranking!"
   ]
  },
  {
   "cell_type": "markdown",
   "metadata": {},
   "source": [
    "- We need to find the \"sweet spot\" that maximizes test accuracy and minimizes the accuracy delta (overfitting) and fit time.\n",
    "- So we need an optimization technique to figure out which model to use!\n",
    "- Proposed solution:\n",
    "    - Create 2 new columns for inverse of accuracy delta and inverse of fit time\n",
    "    - Scale those 2 columns, along with test accuracy, so they have the same magnitude\n",
    "    - Create (somewhat arbitrary) weighting to prioritize the 3 variables\n",
    "    - Choose the model with the maximum sum\n"
   ]
  },
  {
   "cell_type": "code",
   "execution_count": 142,
   "metadata": {},
   "outputs": [
    {
     "data": {
      "text/html": [
       "<div>\n",
       "<style scoped>\n",
       "    .dataframe tbody tr th:only-of-type {\n",
       "        vertical-align: middle;\n",
       "    }\n",
       "\n",
       "    .dataframe tbody tr th {\n",
       "        vertical-align: top;\n",
       "    }\n",
       "\n",
       "    .dataframe thead th {\n",
       "        text-align: right;\n",
       "    }\n",
       "</style>\n",
       "<table border=\"1\" class=\"dataframe\">\n",
       "  <thead>\n",
       "    <tr style=\"text-align: right;\">\n",
       "      <th></th>\n",
       "      <th>test_acc</th>\n",
       "      <th>inv_accuracy_delta</th>\n",
       "      <th>inv_fit_time</th>\n",
       "    </tr>\n",
       "  </thead>\n",
       "  <tbody>\n",
       "    <tr>\n",
       "      <th>0</th>\n",
       "      <td>0.931795</td>\n",
       "      <td>23.010320</td>\n",
       "      <td>1.144158</td>\n",
       "    </tr>\n",
       "    <tr>\n",
       "      <th>1</th>\n",
       "      <td>0.936810</td>\n",
       "      <td>49.541031</td>\n",
       "      <td>0.668795</td>\n",
       "    </tr>\n",
       "    <tr>\n",
       "      <th>2</th>\n",
       "      <td>0.938014</td>\n",
       "      <td>57.995289</td>\n",
       "      <td>0.246553</td>\n",
       "    </tr>\n",
       "    <tr>\n",
       "      <th>3</th>\n",
       "      <td>0.927984</td>\n",
       "      <td>74.468103</td>\n",
       "      <td>0.771512</td>\n",
       "    </tr>\n",
       "    <tr>\n",
       "      <th>4</th>\n",
       "      <td>0.906319</td>\n",
       "      <td>11.620253</td>\n",
       "      <td>0.034635</td>\n",
       "    </tr>\n",
       "    <tr>\n",
       "      <th>5</th>\n",
       "      <td>0.903310</td>\n",
       "      <td>89.688719</td>\n",
       "      <td>0.380495</td>\n",
       "    </tr>\n",
       "    <tr>\n",
       "      <th>6</th>\n",
       "      <td>0.911735</td>\n",
       "      <td>99.856276</td>\n",
       "      <td>0.538069</td>\n",
       "    </tr>\n",
       "    <tr>\n",
       "      <th>7</th>\n",
       "      <td>0.895286</td>\n",
       "      <td>192.467464</td>\n",
       "      <td>0.135349</td>\n",
       "    </tr>\n",
       "    <tr>\n",
       "      <th>8</th>\n",
       "      <td>0.924574</td>\n",
       "      <td>117.019367</td>\n",
       "      <td>0.412895</td>\n",
       "    </tr>\n",
       "    <tr>\n",
       "      <th>9</th>\n",
       "      <td>0.937613</td>\n",
       "      <td>65.922194</td>\n",
       "      <td>0.063965</td>\n",
       "    </tr>\n",
       "    <tr>\n",
       "      <th>10</th>\n",
       "      <td>0.931996</td>\n",
       "      <td>73.009243</td>\n",
       "      <td>0.226466</td>\n",
       "    </tr>\n",
       "    <tr>\n",
       "      <th>11</th>\n",
       "      <td>0.937212</td>\n",
       "      <td>48.892842</td>\n",
       "      <td>0.066874</td>\n",
       "    </tr>\n",
       "    <tr>\n",
       "      <th>12</th>\n",
       "      <td>0.941424</td>\n",
       "      <td>63.135420</td>\n",
